1,"nor",0.572606192087377,0.445606564716461
2,"nor",0.426427190276179,0.442881666492858
3,"nor",0.527975038287232,0.556829971553803
4,"nor",0.504128970026964,0.476744450154394
5,"nor",0.443147406292084,0.485990053259915
6,"nor",0.587868454548044,0.470962658525278
7,"nor",0.494315731809688,0.496487735846953
8,"nor",0.461865959172836,0.406668171788128
9,"nor",0.529128080361258,0.546956379744926
10,"nor",0.551560252289222,0.499103295924342
11,"nor",0.450979975938088,0.47013943877832
12,"nor",0.399661652915887,0.490256139491939
13,"nor",0.497242565954365,0.546891856262083
14,"nor",0.594277275642526,0.593021041698917
15,"nor",0.487019979638752,0.4805416185344
16,"nor",0.486080953897601,0.495175213137882
17,"nor",0.49011386592061,0.439075923287709
18,"nor",0.486615718899676,0.420406413337157
19,"nor",0.521580546294526,0.431238625674453
20,"nor",0.511298725119317,0.505858655431538
21,"nor",0.42773433775486,0.498671721565228
22,"nor",0.471909914216509,0.540370701586318
23,"nor",0.508857269361958,0.54688584999685
24,"nor",0.503909631492241,0.495612548673175
25,"nor",0.469176209017047,0.588096207494957
26,"nor",0.469017708460936,0.439834209328306
27,"nor",0.557618174408612,0.579649465889559
28,"nor",0.627177012516893,0.461349007181626
29,"nor",0.515265067422144,0.540163778348136
30,"nor",0.569338683804416,0.410829653909968
31,"nor",0.503921770181816,0.419103969945833
32,"nor",0.507460580089747,0.476594215528253
33,"nor",0.521067813176943,0.490958201700925
34,"nor",0.436372117062157,0.536873406424843
35,"nor",0.540648113327282,0.520320440579765
36,"nor",0.491013883093916,0.516996515625162
37,"nor",0.488119160437212,0.528201770924777
38,"nor",0.50806233920431,0.404483395209116
39,"nor",0.490814412189672,0.396783530264672
40,"nor",0.531101028865534,0.576865300161317
41,"nor",0.53531156638674,0.400411808602024
42,"nor",0.440365816972229,0.427193206530898
43,"nor",0.564982091946593,0.477528872521118
44,"nor",0.398563591034963,0.521856321422489
45,"nor",0.452239398409191,0.445829419486641
46,"nor",0.501251905331727,0.526687319278896
47,"nor",0.434137043774418,0.484326259604261
48,"nor",0.561899005896821,0.609586707658167
49,"nor",0.499128121002735,0.52914200498028
50,"nor",0.455857394142392,0.532711286170515
51,"nor",0.555959684722749,0.466339406425979
52,"nor",0.529943349675728,0.485070613866696
53,"nor",0.503071176636618,0.484611767321423
54,"nor",0.585957071604963,0.551415229350933
55,"nor",0.480077459827898,0.519480478325546
56,"nor",0.541225840571655,0.563456678886585
57,"nor",0.51186182595724,0.470508281178185
58,"nor",0.467639176359319,0.453903415822992
59,"nor",0.555869886299224,0.587306588644212
60,"nor",0.589816252937926,0.355837614703377
61,"nor",0.494328924870492,0.444073390949192
62,"nor",0.452203527194697,0.425403029941904
63,"nor",0.531330501154855,0.498533826884397
64,"nor",0.525200765851416,0.615734361073395
65,"nor",0.625789496583559,0.460839057334255
66,"nor",0.571559338228523,0.505701309075023
67,"nor",0.576951645141312,0.488952628120973
68,"nor",0.459075156891105,0.422944443330149
69,"nor",0.506711563963768,0.463108647682249
70,"nor",0.385135361130188,0.561698648595077
71,"nor",0.446263512196355,0.44270862844109
72,"nor",0.446653516246026,0.522602736060486
73,"nor",0.593033913555968,0.539750743704992
74,"nor",0.494065819859049,0.487442488849605
75,"nor",0.48670762747021,0.624848228526632
76,"nor",0.514696636780991,0.439309810917747
77,"nor",0.587647798555785,0.420017881814425
78,"nor",0.536389636608894,0.536888329160786
79,"nor",0.506865742626827,0.514798264445434
80,"nor",0.585493414064533,0.510736269548189
81,"nor",0.500635043022507,0.50527675160485
82,"nor",0.595077686470021,0.482899746530691
83,"nor",0.540065563983987,0.581507573146623
84,"nor",0.549827230298638,0.561931686757703
85,"nor",0.506837482137083,0.516669458306819
86,"nor",0.463989935298132,0.418634300960918
87,"nor",0.510762380716998,0.537189233157719
88,"nor",0.458839777261627,0.502213804815087
89,"nor",0.544056176152438,0.449010126959348
90,"nor",0.461168927902076,0.492564054418096
91,"nor",0.508469057873496,0.477085786129303
92,"nor",0.50279609252553,0.560870184816448
93,"nor",0.526358285662906,0.426709172647797
94,"nor",0.464829934405098,0.496671020399766
95,"nor",0.555635142532093,0.540420617234415
96,"nor",0.556995092016525,0.42774810932241
97,"nor",0.518521283336893,0.478480316351929
98,"nor",0.609974131628497,0.553567482638419
99,"nor",0.425356272061651,0.474146686768529
100,"nor",0.438111444438429,0.404314366809486
101,"nor",0.459126605827693,0.459332289333683
102,"nor",0.475850093995044,0.519258298261086
103,"nor",0.496403776854596,0.54667162794146
104,"nor",0.523472451124416,0.474909904154766
105,"nor",0.542160877368596,0.528878186456955
106,"nor",0.538849011808074,0.494114761470896
107,"nor",0.428782224238597,0.478297811787153
108,"nor",0.453989427811967,0.440823492509927
109,"nor",0.424294450208908,0.463654961117028
110,"nor",0.586114538323712,0.534883213977476
111,"nor",0.571276154991503,0.481671215665398
112,"nor",0.59629211203622,0.490280193633392
113,"nor",0.512717026791634,0.485874157704752
114,"nor",0.512613615079337,0.453808197428193
115,"nor",0.423019702497562,0.593946536230669
116,"nor",0.538074861556658,0.476711357737664
117,"nor",0.481695403402142,0.481075740400419
118,"nor",0.513635288877082,0.518036143670593
119,"nor",0.446385869174456,0.486825877797833
120,"nor",0.494422732220513,0.514530923490478
121,"nor",0.504501956846412,0.483875865859451
122,"nor",0.503177122216354,0.54104596082437
123,"nor",0.483670003375311,0.583635034508358
124,"nor",0.514957206878163,0.551452671541086
125,"nor",0.522592550829519,0.41637692841919
126,"nor",0.502643913821552,0.547782508938079
127,"nor",0.559073231152606,0.505597605099145
128,"nor",0.496498000547465,0.531482221346002
129,"nor",0.569677907571258,0.51956040755446
130,"nor",0.466359063082877,0.461259291005762
131,"nor",0.526094026020204,0.350920382578044
132,"nor",0.547802325762266,0.460020534779695
133,"nor",0.511685807051822,0.562001787067213
134,"nor",0.392111548733184,0.486498857109357
135,"nor",0.56188739258785,0.4569536681912
136,"nor",0.495988169096051,0.515353135050785
137,"nor",0.419917460243203,0.490793769979316
138,"nor",0.45501431306532,0.475206506903771
139,"nor",0.466221703197869,0.420801677047718
140,"nor",0.477580643372991,0.515582184147148
141,"nor",0.469485115293368,0.531850381485441
142,"nor",0.518029671282314,0.576586006484298
143,"nor",0.470384777350678,0.626156439336111
144,"nor",0.382925009758531,0.524048656638727
145,"nor",0.51865507336961,0.563272962935999
146,"nor",0.496603084883987,0.536666907240965
147,"nor",0.49782457850813,0.511396981131169
148,"nor",0.504287104068913,0.438588020003863
149,"nor",0.374546749411601,0.483042873794135
150,"nor",0.442810794233817,0.477246215173633
151,"nor",0.495986039738239,0.490681676769851
152,"nor",0.493728913103209,0.532162900053766
153,"nor",0.516771924627325,0.478100931138499
154,"nor",0.422576074177915,0.511641107703686
155,"nor",0.421614044219853,0.502949365182714
156,"nor",0.510065301279904,0.507680356249305
157,"nor",0.562794082636733,0.559254365101655
158,"nor",0.581285632795902,0.541424835071509
159,"nor",0.577474005810632,0.501359626949892
160,"nor",0.427418439681513,0.436131753201488
161,"nor",0.561835277635907,0.484570315917483
162,"nor",0.481397292109998,0.494358759380838
163,"nor",0.537006240135139,0.551724487028603
164,"nor",0.466541552727967,0.519769204812474
165,"nor",0.491720423573637,0.451351083685319
166,"nor",0.457543748715328,0.443630378921075
167,"nor",0.40573664455211,0.480376088186811
168,"nor",0.5476160547077,0.47831366138753
169,"nor",0.558007111010464,0.532206769036782
170,"nor",0.497807341627043,0.503984310996984
171,"nor",0.428286981122161,0.534267521172376
172,"nor",0.599840652082828,0.477468690742136
173,"nor",0.508446264551974,0.556637446168712
174,"nor",0.498582493152932,0.400027179393611
175,"nor",0.465546555533551,0.47243110243531
176,"nor",0.468618206037692,0.500210655237244
177,"nor",0.421429577227587,0.519548503701339
178,"nor",0.504002824471381,0.471778082145593
179,"nor",0.505026620891058,0.523363179985504
180,"nor",0.518940672076325,0.545769019838288
181,"nor",0.539631356556782,0.549365965542365
182,"nor",0.549244355706655,0.490286149595771
183,"nor",0.497602634391432,0.506920666646166
184,"nor",0.51761073542597,0.412269863596492
185,"nor",0.469960721571674,0.467739484812519
186,"nor",0.542511967158776,0.45328714807354
187,"nor",0.455072955913154,0.480920532247143
188,"nor",0.437309006504939,0.598866436482565
189,"nor",0.478548375531107,0.604076026434832
190,"nor",0.449715316611718,0.499330278888739
191,"nor",0.553945003543092,0.425774526163597
192,"nor",0.499170191804031,0.484969721526534
193,"nor",0.538271587558316,0.469642176445093
194,"nor",0.523157761166452,0.473907665154397
195,"nor",0.568720530947552,0.526817983737241
196,"nor",0.572752560126155,0.551115803939831
197,"nor",0.449914958799556,0.43617100388797
198,"nor",0.351344772122914,0.478940633291964
199,"nor",0.459892988743378,0.441835007853936
200,"nor",0.423500022871989,0.453118855760118
201,"nor",0.512403790450641,0.488333620968116
202,"nor",0.529864161660041,0.571975482051214
203,"nor",0.440559035663863,0.559392441043888
204,"nor",0.458141637868529,0.440851892562723
205,"nor",0.579668817331376,0.463596751344952
206,"nor",0.583550144222862,0.551313701313808
207,"nor",0.428689285171962,0.574419972416895
208,"nor",0.602477467977776,0.514804817253971
209,"nor",0.480891002640254,0.469136725704717
210,"nor",0.504857129131862,0.483242356298117
211,"nor",0.484582307797354,0.558087732564274
212,"nor",0.513633240022259,0.524230670903965
213,"nor",0.49450184624473,0.566885570286948
214,"nor",0.443010395857508,0.540364936838842
215,"nor",0.434944103881827,0.51371943057764
216,"nor",0.435433462210144,0.466760859583373
217,"nor",0.467330305751788,0.508323735929808
218,"nor",0.542842576548215,0.443173997078937
219,"nor",0.52643959780055,0.462781417826737
220,"nor",0.501060877680973,0.481793750925118
221,"nor",0.46752490330388,0.429490490381843
222,"nor",0.499144493668274,0.506370679989676
223,"nor",0.53869179087718,0.473807356566685
224,"nor",0.502915769824608,0.471588525843024
225,"nor",0.522683481264471,0.580960542838554
226,"nor",0.368832286696481,0.55974498553931
227,"nor",0.484545131706837,0.555526099328946
228,"nor",0.421910712906011,0.52333053790387
229,"nor",0.511448034978552,0.520901606770811
230,"nor",0.553140879554897,0.489578822398458
231,"nor",0.501369741338522,0.548935148771351
232,"nor",0.498818283715403,0.589345332453909
233,"nor",0.543009834575094,0.563228785908854
234,"nor",0.484147787470047,0.57937777671015
235,"nor",0.466769981355262,0.577590273611218
236,"nor",0.528844870491213,0.510555779502208
237,"nor",0.463008636098147,0.501641940470953
238,"nor",0.524377376286384,0.512032764270837
239,"nor",0.552993190527166,0.474262763927068
240,"nor",0.47658951204492,0.504919041810318
241,"nor",0.473470665647931,0.402440828773413
242,"nor",0.466713070759771,0.44521963636623
243,"nor",0.497459745537007,0.432272636024956
244,"nor",0.472512407331726,0.53250091828992
245,"nor",0.5863513721304,0.519184437810691
246,"nor",0.399051128253336,0.501239937022476
247,"nor",0.436298730327053,0.485634758181216
248,"nor",0.451496690311336,0.522087229687611
249,"nor",0.43895870922613,0.572871323650883
250,"nor",0.502944861110975,0.455760324021066
251,"nor",0.532835378756749,0.531658935401292
252,"nor",0.539928691916601,0.452891350325086
253,"nor",0.534012097378515,0.520105822856374
254,"nor",0.427654521398464,0.476290411385529
255,"nor",0.512498390018778,0.598319366575526
256,"nor",0.481230674413301,0.473433339670018
257,"nor",0.501067375036941,0.474174191750001
258,"nor",0.555715927399967,0.406248282473318
259,"nor",0.555236981286598,0.43850665138365
260,"nor",0.466298448428978,0.510719236865022
261,"nor",0.560101777690649,0.530363067187116
262,"nor",0.528947102188083,0.484652738909024
263,"nor",0.512392724358702,0.490972908039532
264,"nor",0.477382184245711,0.449967467701866
265,"nor",0.499116421775277,0.500248029984829
266,"nor",0.523441434792283,0.5677253837531
267,"nor",0.511359459686964,0.478929844166591
268,"nor",0.414734112126933,0.431555223031954
269,"nor",0.474348076031286,0.419713143803852
270,"nor",0.577611092859287,0.470172901528331
271,"nor",0.411274709202786,0.530500069123946
272,"nor",0.564387492069544,0.502623106735515
273,"nor",0.506372193818158,0.43882875276669
274,"nor",0.466584478717684,0.429622435984266
275,"nor",0.569484030233581,0.490643648180434
276,"nor",0.537401882631453,0.537044232512035
277,"nor",0.38649080275726,0.492360496503294
278,"nor",0.533516380335387,0.514120628206898
279,"nor",0.546978943306148,0.495716522908824
280,"nor",0.399975941163124,0.514569302246727
281,"nor",0.519981869699013,0.484188838102567
282,"nor",0.554186030215148,0.453747857376066
283,"nor",0.46160818533546,0.419162408757199
284,"nor",0.543019042981671,0.452116021668933
285,"nor",0.570491859183387,0.481602544767633
286,"nor",0.545024382330727,0.479991988032272
287,"nor",0.57627717010552,0.46041528512193
288,"nor",0.545956727555283,0.480515610146635
289,"nor",0.461987006927486,0.455345575623072
290,"nor",0.584546497294711,0.462712267741551
291,"nor",0.512892624464122,0.543736845744246
292,"nor",0.605468598187418,0.533312499551738
293,"nor",0.543907104585211,0.514610823165693
294,"nor",0.493356074786476,0.46620124521636
295,"nor",0.478057996128159,0.470410252788723
296,"nor",0.388646889101892,0.498902618471803
297,"nor",0.533805139262591,0.438002502986947
298,"nor",0.51855815234874,0.503215300523177
299,"nor",0.444370129376229,0.515528495912344
300,"nor",0.534786447091277,0.437516941480838
301,"nor",0.478058452412515,0.467463455224689
302,"nor",0.52048044845183,0.565386477964233
303,"nor",0.535100556843311,0.486912170242365
304,"nor",0.553066567991166,0.418513928595702
305,"nor",0.45525313961325,0.557249042108541
306,"nor",0.490877441874571,0.577662153362134
307,"nor",0.47912287274799,0.489898347255816
308,"nor",0.520195418575483,0.484197909831207
309,"nor",0.453337139761742,0.602467256064473
310,"nor",0.509301156153987,0.546778779084235
311,"nor",0.431260423238457,0.527056643219953
312,"nor",0.454772654792328,0.381424710991779
313,"nor",0.548388938943794,0.505227972578429
314,"nor",0.468552741866124,0.522608948178243
315,"nor",0.511279508874674,0.555176169110109
316,"nor",0.4916859783734,0.446265362762313
317,"nor",0.484830718762371,0.509427580124865
318,"nor",0.560581819952551,0.463343971655776
319,"nor",0.455348432045898,0.409930589770717
320,"nor",0.520745418569333,0.479908237489355
321,"nor",0.523042105265038,0.454728821041875
322,"nor",0.454928208790982,0.523763384944776
323,"nor",0.543260777577077,0.54676889142946
324,"nor",0.411217487293489,0.493058436657562
325,"nor",0.570287166725708,0.555466195191243
326,"nor",0.439188793034571,0.446693481183426
327,"nor",0.426432379958525,0.513187068288321
328,"nor",0.500263253290008,0.548288756916823
329,"nor",0.474369282844069,0.494387784267475
330,"nor",0.45654734338943,0.463912217279619
331,"nor",0.45038555222391,0.457839106281842
332,"nor",0.462769364987718,0.517181867938895
333,"nor",0.461687946425655,0.502743729477388
334,"nor",0.442337118582134,0.460551252116216
335,"nor",0.497434138393583,0.477083723636235
336,"nor",0.519704092598293,0.466598378415389
337,"nor",0.446737771814423,0.533025349788159
338,"nor",0.473129486386685,0.510634358031098
339,"nor",0.632340901670647,0.4972207368227
340,"nor",0.469202143464605,0.584444392907953
341,"nor",0.537888511971576,0.549658418229614
342,"nor",0.560482111689942,0.462991763808354
343,"nor",0.519190007313607,0.472418500003512
344,"nor",0.461112027873261,0.520363536289923
345,"nor",0.429725392888957,0.427762008352923
346,"nor",0.494041852279379,0.491189735852285
347,"nor",0.528846630449898,0.53087787591337
348,"nor",0.465280471902518,0.564169012336314
349,"nor",0.474608157553093,0.466631265609905
350,"nor",0.541584133814701,0.445189692100622
351,"nor",0.505849860505734,0.508532862185903
352,"nor",0.567003890957795,0.521176148373788
353,"nor",0.515992460614348,0.510801879300646
354,"nor",0.507158061671153,0.484560422100937
355,"nor",0.525607317658645,0.524941136068764
356,"nor",0.463900906184635,0.514060113877697
357,"nor",0.419416355147528,0.429126182946121
358,"nor",0.41921576534649,0.586853121064281
359,"nor",0.48180652366388,0.461364081076923
360,"nor",0.540328210851829,0.578459902286067
361,"nor",0.521781611334696,0.425976193519555
362,"nor",0.467799538399276,0.548825857369439
363,"nor",0.537474113561452,0.470743381475379
364,"nor",0.417973143262947,0.480845490641114
365,"nor",0.446859048466317,0.470930584325728
366,"nor",0.503597440974747,0.504537062388413
367,"nor",0.458009274668013,0.459013825417948
368,"nor",0.517843070218213,0.493681703469019
369,"nor",0.5131766554376,0.488505698120698
370,"nor",0.410857159407087,0.422083666696615
371,"nor",0.491450888671675,0.493559506344431
372,"nor",0.487671588211703,0.496463109073311
373,"nor",0.514752486057136,0.491992334699198
374,"nor",0.467464807455714,0.414460532743116
375,"nor",0.483609722121886,0.471002745713388
376,"nor",0.472007435555087,0.552348117564486
377,"nor",0.508968203754762,0.501506210546727
378,"nor",0.512415331241286,0.467541785165302
379,"nor",0.524423295231792,0.494847414437079
380,"nor",0.507104645665393,0.419048117990367
381,"nor",0.489073321332606,0.496977829724027
382,"nor",0.546190066617013,0.381755487244843
383,"nor",0.433304036956933,0.529898399908967
384,"nor",0.52659167794287,0.492672479489127
385,"nor",0.536086728606321,0.482584046559064
386,"nor",0.516055849419955,0.543243807707147
387,"nor",0.522641513398,0.614024242431073
388,"nor",0.482892621538319,0.528180436386951
389,"nor",0.485128718580092,0.587931701677312
390,"nor",0.421937718867672,0.467488876490843
391,"nor",0.466415676943797,0.463600059048947
392,"nor",0.361029621261369,0.555632464517997
393,"nor",0.440018199043017,0.493372198759329
394,"nor",0.382760541086927,0.551489394380019
395,"nor",0.522000314848634,0.509514256636197
396,"nor",0.401824230732412,0.527874868691713
397,"nor",0.533767787957799,0.505099663023957
398,"nor",0.539735554837807,0.486803242705476
399,"nor",0.51311306250667,0.565382454242082
400,"nor",0.464990968895845,0.393614317195175
401,"nor",0.436428027935821,0.49546840267854
402,"nor",0.471826611237789,0.499629450379991
403,"nor",0.477887601184849,0.478653914827492
404,"nor",0.485836274545939,0.468159375160093
405,"nor",0.4741205522799,0.352912964222466
406,"nor",0.52758208936662,0.479759808427155
407,"nor",0.508274478800991,0.455525529372327
408,"nor",0.449749962713461,0.591925966304431
409,"nor",0.532893460886451,0.555071056209646
410,"nor",0.560334157542487,0.614192853869827
411,"nor",0.455793030844905,0.45429550414255
412,"nor",0.460534865982857,0.438706046387038
413,"nor",0.496761048651153,0.518889619608402
414,"nor",0.475088847471256,0.514727267420579
415,"nor",0.595321359252365,0.457028943203514
416,"nor",0.471456797471962,0.490708929007152
417,"nor",0.500559560306266,0.432390407276103
418,"nor",0.476457675232997,0.455690404451537
419,"nor",0.492467717296095,0.508383864429054
420,"nor",0.483413138680272,0.53533765741176
421,"nor",0.569574330451408,0.46082212873409
422,"nor",0.568975089218681,0.502266993428688
423,"nor",0.446536709296265,0.443108310474966
424,"nor",0.484168413077582,0.447932079868004
425,"nor",0.485204977467761,0.533070728323975
426,"nor",0.496501645759623,0.498152065488532
427,"nor",0.51424966398553,0.559084945973351
428,"nor",0.423256105158766,0.437741383461958
429,"nor",0.457380434134138,0.482013754489366
430,"nor",0.520987241412933,0.38896262078056
431,"nor",0.526951629242691,0.452871109034292
432,"nor",0.514762968076485,0.443048281969861
433,"nor",0.461583468278722,0.48649042817427
434,"nor",0.446235790192974,0.503194956211227
435,"nor",0.571473596260974,0.415798788404705
436,"nor",0.481971812307744,0.516860554323475
437,"nor",0.545671399288323,0.373994121455075
438,"nor",0.492398978659653,0.592512592407551
439,"nor",0.475655090872726,0.431332502669189
440,"nor",0.513899241716449,0.512066070884038
441,"nor",0.522804534426069,0.464252609979456
442,"nor",0.497277129202682,0.489280211529513
443,"nor",0.504007758972719,0.553554556136802
444,"nor",0.494028244298088,0.386443528601552
445,"nor",0.466710501904266,0.423926129567261
446,"nor",0.452572459831195,0.427967254418592
447,"nor",0.450583544552043,0.544358783088729
448,"nor",0.459845911115411,0.460574703884298
449,"nor",0.632353757600729,0.508244162601137
450,"nor",0.567906788903484,0.438110020944697
451,"nor",0.549276606607724,0.524836604739989
452,"nor",0.512679312640196,0.505814909603024
453,"nor",0.445471762227607,0.412497607304329
454,"nor",0.47507360238543,0.53103868218749
455,"nor",0.506369634841157,0.471153577322088
456,"nor",0.490240495243667,0.475245147011711
457,"nor",0.516024587801045,0.465202714279224
458,"nor",0.632628554387009,0.559017752573304
459,"nor",0.540901281306334,0.483634631230977
460,"nor",0.534808426699188,0.421620348615883
461,"nor",0.527445427097451,0.49241691160516
462,"nor",0.595497037550434,0.569936993583154
463,"nor",0.499972882673662,0.458095476244442
464,"nor",0.468883291817317,0.598101741739348
465,"nor",0.403242722868915,0.559576627381534
466,"nor",0.421984549970614,0.526391492481028
467,"nor",0.480897300427321,0.53128045103804
468,"nor",0.473754740208867,0.576102143828895
469,"nor",0.561633586840874,0.510359159624515
470,"nor",0.504539130853218,0.487640418627723
471,"nor",0.409417726286666,0.526350793366142
472,"nor",0.527062209101191,0.47975435311305
473,"nor",0.499726074942485,0.577079718327665
474,"nor",0.552215997904531,0.486788462281899
475,"nor",0.427943040398376,0.556627195568255
476,"nor",0.591092201261119,0.404195582363209
477,"nor",0.490045606692727,0.527189428664225
478,"nor",0.576436200804541,0.482715773253334
479,"nor",0.570106090953664,0.403775242249535
480,"nor",0.576291102262371,0.486057543168675
481,"nor",0.47154737655786,0.456793737756316
482,"nor",0.488254391677556,0.525842750679094
483,"nor",0.424722028405813,0.454997535080368
484,"nor",0.449360823864319,0.465590680152034
485,"nor",0.480314736817653,0.447890475251645
486,"nor",0.573171209817492,0.493922503426542
487,"nor",0.536950633617699,0.509946913083855
488,"nor",0.510245239664428,0.514515150602263
489,"nor",0.530966749106304,0.434740882117338
490,"nor",0.541627592909841,0.561640851640604
491,"nor",0.500348581713352,0.541955300544906
492,"nor",0.531433843598295,0.541656427405001
493,"nor",0.474815913733049,0.60989739037544
494,"nor",0.509756832977744,0.528165141679232
495,"nor",0.491022827037869,0.443394166328632
496,"nor",0.529116218590145,0.450530963171712
497,"nor",0.430679706115126,0.542242373788062
498,"nor",0.427330689084361,0.427914021192326
499,"nor",0.491295661606069,0.541028610404186
500,"nor",0.538817276997676,0.518702473315484
501,"nor",0.565253704718779,0.631466438877746
502,"nor",0.509347612243201,0.51051245255898
503,"nor",0.49320046387822,0.525281484310701
504,"nor",0.513939672093354,0.560058734016534
505,"nor",0.584948421756111,0.510437999818058
506,"nor",0.388262942279181,0.561115422934525
507,"nor",0.491597212279005,0.435948874165008
508,"nor",0.454127652537037,0.56050510334074
509,"nor",0.451261855590081,0.475348654721483
510,"nor",0.568560732929544,0.456918227774149
511,"nor",0.460905725841267,0.463646264777309
512,"nor",0.616150386709871,0.505859096439097
513,"nor",0.518471963267695,0.559077743914987
514,"nor",0.399294997086809,0.599084577938651
515,"nor",0.352605623612142,0.439277210418754
516,"nor",0.46088622222032,0.431943215102541
517,"nor",0.556884496219233,0.563426050178064
518,"nor",0.495011228582486,0.534811288514541
519,"nor",0.509821016888,0.458469979986477
520,"nor",0.520783844388106,0.468282563425191
521,"nor",0.565183257235401,0.490505010953844
522,"nor",0.460917924225719,0.473596409007008
523,"nor",0.469030633571338,0.529481589596663
524,"nor",0.553116672627608,0.470786330842544
525,"nor",0.522828881995046,0.535257380956868
526,"nor",0.432965773432342,0.522453233024681
527,"nor",0.517537018655086,0.558372115737406
528,"nor",0.540512022983188,0.560842030243124
529,"nor",0.538575706753446,0.525708242738649
530,"nor",0.389596459964294,0.508932941059621
531,"nor",0.433141626290869,0.455747799253545
532,"nor",0.397494861663019,0.45168863519059
533,"nor",0.478185547130859,0.531844927269923
534,"nor",0.566380177293812,0.435425875398951
535,"nor",0.546085331109145,0.501645827399392
536,"nor",0.515441538140905,0.562726488349729
537,"nor",0.51257313734231,0.472319521698812
538,"nor",0.531134913382471,0.384620172474543
539,"nor",0.470121922692519,0.564874198308862
540,"nor",0.57720380807456,0.546377849924969
541,"nor",0.50194513307646,0.539318092553736
542,"nor",0.452245467051488,0.517542277361282
543,"nor",0.611223447948575,0.51933683792332
544,"nor",0.508972085495815,0.421555842382741
545,"nor",0.427222317073124,0.579655207333209
546,"nor",0.500767126008073,0.418088695944227
547,"nor",0.466961604878664,0.437132216192505
548,"nor",0.487387845282265,0.436231471879635
549,"nor",0.356857401473049,0.432116986162252
550,"nor",0.577094741821867,0.469882637683226
551,"nor",0.464574113054566,0.447865203739602
552,"nor",0.449406823710951,0.434033254137909
553,"nor",0.519862325344933,0.509780630221845
554,"nor",0.523226145771331,0.501164321264669
555,"nor",0.461248190380606,0.5006956389527
556,"nor",0.433375322276025,0.508539432892647
557,"nor",0.547120425218147,0.548569742004065
558,"nor",0.51614599339859,0.544438550213447
559,"nor",0.488862328716548,0.508726065239775
560,"nor",0.486760931558089,0.464207936119418
561,"nor",0.511181840088369,0.566526810156793
562,"nor",0.494633767872366,0.519134646781988
563,"nor",0.522610119629262,0.519024218383499
564,"nor",0.53372059716863,0.488555157658779
565,"nor",0.412155218179249,0.511824672279466
566,"nor",0.566586964988668,0.46000757797114
567,"nor",0.420660873286243,0.588537179791386
568,"nor",0.473045488833365,0.531178670871356
569,"nor",0.520692559671378,0.468464264074326
570,"nor",0.595739968215186,0.505492650922615
571,"nor",0.456572058293979,0.536042308207082
572,"nor",0.539548112558919,0.483402505851887
573,"nor",0.573590392852716,0.516932269561227
574,"nor",0.489562949698162,0.486638797587791
575,"nor",0.429419969700139,0.380861609944183
576,"nor",0.452225925655828,0.566984917575907
577,"nor",0.455352522732067,0.529638494911884
578,"nor",0.630287599719733,0.501760014319449
579,"nor",0.601108824261052,0.538043931127731
580,"nor",0.457880966266781,0.500779228109286
581,"nor",0.494651667715657,0.499486318863875
582,"nor",0.45490253039637,0.58754875127063
583,"nor",0.482016826147438,0.456594194776248
584,"nor",0.503526704501361,0.484119570301906
585,"nor",0.46757988142151,0.535548986384744
586,"nor",0.588442773081061,0.52724964606979
587,"nor",0.434085292202777,0.525622855565762
588,"nor",0.513988090766727,0.464214548974822
589,"nor",0.457536471383948,0.520271681433359
590,"nor",0.472792884150139,0.434843220637877
591,"nor",0.535597122156813,0.417845848758341
592,"nor",0.534538264953524,0.498678421636306
593,"nor",0.482360277115843,0.517270871659334
594,"nor",0.533861566347797,0.413787573849883
595,"nor",0.499142812368085,0.560514461580409
596,"nor",0.499094002686335,0.572204877550367
597,"nor",0.47041034933611,0.522544946116463
598,"nor",0.495028691867836,0.507882462917127
599,"nor",0.555778734744676,0.524739982882937
600,"nor",0.533617342101336,0.50616010354867
601,"nor",0.445773198960526,0.494912165928957
602,"nor",0.496180595260935,0.429267923697742
603,"nor",0.529464711487961,0.490042185457996
604,"nor",0.487685205353272,0.477163142350976
605,"nor",0.43620695371966,0.524692969895874
606,"nor",0.469773637654323,0.402612305994312
607,"nor",0.55102694435334,0.484868113291929
608,"nor",0.391771005862262,0.557107192210876
609,"nor",0.521753426055841,0.523007648491258
610,"nor",0.484764259772237,0.564444408162299
611,"nor",0.486304923249594,0.498403222831665
612,"nor",0.492386381175129,0.451981600775371
613,"nor",0.538071265795415,0.530520778413297
614,"nor",0.558037372831077,0.484006324594839
615,"nor",0.446698695968204,0.470353264612242
616,"nor",0.521667138098879,0.372068803056234
617,"nor",0.554311004164125,0.618533016559847
618,"nor",0.463792128476567,0.526502576210093
619,"nor",0.472847398409076,0.463885562293572
620,"nor",0.387369607130409,0.603149756459933
621,"nor",0.548899459498469,0.502622890129377
622,"nor",0.397948485040677,0.511467649445059
623,"nor",0.481178618978635,0.460040885766151
624,"nor",0.528745846549716,0.51704922061305
625,"nor",0.550694179920527,0.602562236812308
626,"nor",0.475428195454684,0.513553466973401
627,"nor",0.434570915743819,0.569405070708343
628,"nor",0.565326752192605,0.464728172598161
629,"nor",0.546749895964947,0.506976777276684
630,"nor",0.490907704166842,0.504532890255117
631,"nor",0.5568830403486,0.529051575279466
632,"nor",0.428689046552305,0.494511595722712
633,"nor",0.543458563407501,0.5618819887638
634,"nor",0.478696981509748,0.584608482945664
635,"nor",0.504546199176574,0.574084321355471
636,"nor",0.487723861447637,0.556420939292612
637,"nor",0.525575661685019,0.490365394862755
638,"nor",0.465959131018426,0.437346513313722
639,"nor",0.546350835534986,0.473406640091889
640,"nor",0.470716566475321,0.578967735394643
641,"nor",0.511299087233078,0.534392663388007
642,"nor",0.463189602274598,0.610021420541075
643,"nor",0.513488653019853,0.503178606557535
644,"nor",0.510886458236611,0.519319162945372
645,"nor",0.475992065824089,0.45435981956667
646,"nor",0.562713045781076,0.571858227957669
647,"nor",0.410030554754007,0.473390795321818
648,"nor",0.490307934783175,0.523945798878657
649,"nor",0.568190393288313,0.435220923018892
650,"nor",0.480878727654145,0.571102965232556
651,"nor",0.550041195108166,0.491613508885724
652,"nor",0.594974700122382,0.442390005983753
653,"nor",0.509540563325595,0.482951902283026
654,"nor",0.537192655625104,0.508857800097097
655,"nor",0.525974098135454,0.503482445138406
656,"nor",0.439919029649516,0.524816562824653
657,"nor",0.489590169505754,0.428309633403511
658,"nor",0.549366641827835,0.494604928011389
659,"nor",0.512127890088995,0.510125313488377
660,"nor",0.485009668073288,0.523336534764945
661,"nor",0.569062660410525,0.501424272108504
662,"nor",0.591269943845222,0.475152616892492
663,"nor",0.460730334888157,0.537726597895439
664,"nor",0.497963951726863,0.425441382631826
665,"nor",0.501782115261226,0.456216830877619
666,"nor",0.501158507315886,0.400601378367281
667,"nor",0.383004368565286,0.478584863940692
668,"nor",0.564358446614683,0.504880362246713
669,"nor",0.592482112353184,0.535631016929566
670,"nor",0.494329185914543,0.563268942924703
671,"nor",0.513690286691551,0.449409292384616
672,"nor",0.55088018494968,0.595432912096396
673,"nor",0.480479270252768,0.420403396476532
674,"nor",0.421431888478097,0.543530736273503
675,"nor",0.52003528607629,0.420763646925385
676,"nor",0.470101771215582,0.530644862051564
677,"nor",0.450262000003473,0.444610141758357
678,"nor",0.488409836491865,0.447324703002298
679,"nor",0.478981064473829,0.600815644662468
680,"nor",0.526627813866615,0.438385034283138
681,"nor",0.577512736854761,0.49491674850318
682,"nor",0.524435565609034,0.542779543209979
683,"nor",0.5246951818044,0.374781232952418
684,"nor",0.453611319909849,0.516584297614011
685,"nor",0.478470720521337,0.48975122196043
686,"nor",0.548565556783036,0.507466175448371
687,"nor",0.515297798416432,0.567559581328579
688,"nor",0.5050872155781,0.53577937677975
689,"nor",0.568636381584771,0.422119056632236
690,"nor",0.484564366872662,0.473100884294541
691,"nor",0.524430244978043,0.378729756039471
692,"nor",0.527553483447318,0.512156472727155
693,"nor",0.533163547198093,0.488215506699451
694,"nor",0.430956986320592,0.476922481498663
695,"nor",0.528098856039644,0.54346850828096
696,"nor",0.422747455325782,0.502771223631705
697,"nor",0.476690041429641,0.588307345661344
698,"nor",0.542779865455655,0.578331110777921
699,"nor",0.462753529400681,0.501345216305696
700,"nor",0.532460072990183,0.454495598395503
701,"nor",0.453700311868133,0.48879186943307
702,"nor",0.52639055388496,0.545147693137108
703,"nor",0.509866987288012,0.561977113592717
704,"nor",0.529053791888263,0.481854690080799
705,"nor",0.427862180133129,0.478194521318695
706,"nor",0.489987188586169,0.515914574687609
707,"nor",0.475346130507566,0.510649116254031
708,"nor",0.446569543169891,0.557646212345958
709,"nor",0.513471550840087,0.444232943706973
710,"nor",0.51271523074957,0.562321084649672
711,"nor",0.587353970511807,0.45154375931187
712,"nor",0.488163757707331,0.498010208236991
713,"nor",0.590276445598073,0.4294954370896
714,"nor",0.552108077353502,0.543872786181466
715,"nor",0.494629809773981,0.575408195713309
716,"nor",0.416585301114947,0.510333447237592
717,"nor",0.487646095758231,0.49021130026529
718,"nor",0.582953033704911,0.531284098476602
719,"nor",0.489937254954262,0.535460867796539
720,"nor",0.417596352138726,0.537503868579456
721,"nor",0.520789424916706,0.569033211290722
722,"nor",0.492738472720848,0.543939145816323
723,"nor",0.382882855188873,0.500046331103977
724,"nor",0.425816003278275,0.543986683294273
725,"nor",0.447499776814489,0.518997631609755
726,"nor",0.441637111607017,0.469936837782551
727,"nor",0.468123457244892,0.441930082416975
728,"nor",0.499527338597139,0.517903414426665
729,"nor",0.46860203418803,0.515600341383067
730,"nor",0.489705113806788,0.554831257157478
731,"nor",0.57106209136636,0.54050846046704
732,"nor",0.490279929629125,0.386389997292307
733,"nor",0.441088482848763,0.566158381804255
734,"nor",0.446910042513197,0.513607510319515
735,"nor",0.524478907928066,0.50323676755776
736,"nor",0.546124749767087,0.450321797538965
737,"nor",0.55069758111944,0.543035995869377
738,"nor",0.572619954527244,0.566170589390617
739,"nor",0.535084235884959,0.455919428587019
740,"nor",0.529955704496171,0.56109882904466
741,"nor",0.496737284295146,0.513112912889675
742,"nor",0.577682183483862,0.542325678340178
743,"nor",0.474125221103735,0.421712671397915
744,"nor",0.51190495641257,0.540211907578138
745,"nor",0.512005933883265,0.585368017143658
746,"nor",0.418768019338521,0.58100521416442
747,"nor",0.458625602878578,0.379403716180991
748,"nor",0.47307052687056,0.532249470091793
749,"nor",0.565938784479184,0.475048490387051
750,"nor",0.580744641827138,0.468612943336419
751,"nor",0.523526671962115,0.498620505868175
752,"nor",0.504889070289708,0.408487076453418
753,"nor",0.508252795100395,0.493466902036305
754,"nor",0.5219616621772,0.542215106234386
755,"nor",0.479061590990581,0.510507140042758
756,"nor",0.450293822775049,0.449081292289286
757,"nor",0.574430586288748,0.580661405470406
758,"nor",0.408412008343097,0.457744128807683
759,"nor",0.592052032617432,0.509635554541206
760,"nor",0.442248030091087,0.562341401879719
761,"nor",0.616406417113722,0.517795032856521
762,"nor",0.458135518020966,0.475297409476029
763,"nor",0.444102970144168,0.423551308803479
764,"nor",0.572297951986149,0.485088487352578
765,"nor",0.490363223480428,0.460107886272847
766,"nor",0.494864469139619,0.510558662440414
767,"nor",0.538612370068751,0.519853898060602
768,"nor",0.493435311895033,0.501772839073679
769,"nor",0.518581473243604,0.470674128276373
770,"nor",0.542640202429497,0.479357006172833
771,"nor",0.517780363735332,0.524043576432248
772,"nor",0.470480403305106,0.486443584235553
773,"nor",0.547564830193705,0.566619157953017
774,"nor",0.523454691435408,0.488269085064431
775,"nor",0.508337316500648,0.536976903190058
776,"nor",0.456084118942616,0.452314441297666
777,"nor",0.453353313414123,0.548818299419369
778,"nor",0.480294980754075,0.575316529323393
779,"nor",0.507118107038504,0.582735919701555
780,"nor",0.407970942247855,0.585642492781142
781,"nor",0.487666592922851,0.512229127270973
782,"nor",0.570749861317535,0.490077683511812
783,"nor",0.466255312036594,0.564427576908187
784,"nor",0.42916158066806,0.546866680989882
785,"nor",0.417332307373421,0.515466318126381
786,"nor",0.471939202544411,0.569636741314045
787,"nor",0.498772257995042,0.551611144778124
788,"nor",0.517613143073543,0.571858925486056
789,"nor",0.447799127429694,0.404887963204678
790,"nor",0.590151462574077,0.538136172424158
791,"nor",0.594067821346266,0.557006566228022
792,"nor",0.507215006317548,0.532758284551126
793,"nor",0.510956815975205,0.533529607397133
794,"nor",0.50236898259248,0.559679291622417
795,"nor",0.488418447260203,0.500288196779864
796,"nor",0.512466276579681,0.46067073977242
797,"nor",0.479997062732638,0.48722382152644
798,"nor",0.417193029922677,0.580714611042574
799,"nor",0.531215669626244,0.53461305136258
800,"nor",0.539793740585308,0.479061901169833
801,"nor",0.465471461677654,0.482554845710177
802,"nor",0.472936403337962,0.5041656634924
803,"nor",0.520946801010349,0.550502423711079
804,"nor",0.582455339261121,0.556720961886256
805,"nor",0.530831550507143,0.437313902925388
806,"nor",0.504789573652427,0.516511546472367
807,"nor",0.493295582752106,0.499904067345744
808,"nor",0.490709720492791,0.511965124671535
809,"nor",0.490754250767797,0.490411239704459
810,"nor",0.516156100561862,0.561443819752334
811,"nor",0.576338095280867,0.514948154634941
812,"nor",0.637460791019731,0.58278506826494
813,"nor",0.451892842197423,0.507806000940558
814,"nor",0.45454403479902,0.56480597621565
815,"nor",0.441813847751959,0.538798061708951
816,"nor",0.459424577874334,0.553380634083014
817,"nor",0.450076737943918,0.535008645584649
818,"nor",0.500964159160827,0.604932911339705
819,"nor",0.547078831242245,0.542061794831126
820,"nor",0.441079424800553,0.39140411112081
821,"nor",0.562931602613322,0.514382304289524
822,"nor",0.510457408065004,0.519680617972934
823,"nor",0.480497303580387,0.546251902867624
824,"nor",0.481907397544891,0.550985464524832
825,"nor",0.495292420006943,0.53471086221526
826,"nor",0.476036008687679,0.519302893586522
827,"nor",0.553991363282417,0.584178746234841
828,"nor",0.456635634971834,0.615277073974157
829,"nor",0.458452898609527,0.512507421531582
830,"nor",0.473266244493557,0.530762806887005
831,"nor",0.514520771584798,0.440788113646886
832,"nor",0.503970236141653,0.543548967595492
833,"nor",0.550060043211144,0.478547396421988
834,"nor",0.544546826057861,0.449069743951164
835,"nor",0.402920429738993,0.528004839090462
836,"nor",0.454189816983953,0.436301521299621
837,"nor",0.541152043132582,0.49395890769782
838,"nor",0.503592000169965,0.502641653684683
839,"nor",0.470714997652107,0.516717263630878
840,"nor",0.499388438705561,0.488960030925984
841,"nor",0.439487391500131,0.533547953087055
842,"nor",0.410469553931192,0.46834626394784
843,"nor",0.404603538149821,0.403520493119439
844,"nor",0.502096123022415,0.398073190718996
845,"nor",0.4934543789042,0.508710935282819
846,"nor",0.502185052488226,0.554680350102919
847,"nor",0.467764273409693,0.54576888471539
848,"nor",0.391517963711302,0.409500473725054
849,"nor",0.522170882926433,0.515215624563821
850,"nor",0.486274515431153,0.478492060982787
851,"nor",0.504405268601821,0.480698443792133
852,"nor",0.45516134066607,0.406740304864608
853,"nor",0.492857382899432,0.448558753626689
854,"nor",0.48412545968507,0.489887485361652
855,"nor",0.52309710345935,0.45560619555429
856,"nor",0.476782459978905,0.491522869666033
857,"nor",0.537367577518068,0.527304007122644
858,"nor",0.557146522280039,0.456037122701487
859,"nor",0.581167032673177,0.46924335348445
860,"nor",0.539374310404775,0.580873286974634
861,"nor",0.511541878898143,0.493830841544308
862,"nor",0.476511727999826,0.501698921553747
863,"nor",0.466526039066526,0.545747729210491
864,"nor",0.483604839215385,0.43251359833653
865,"nor",0.561383418759146,0.482565219525588
866,"nor",0.582436383375093,0.515228781055518
867,"nor",0.469174872349309,0.49587348262134
868,"nor",0.442398491036338,0.411034834039728
869,"nor",0.423906014382688,0.484968750324463
870,"nor",0.490761522395654,0.536264243170625
871,"nor",0.570588879869498,0.557414221535448
872,"nor",0.549030424201063,0.539887312352756
873,"nor",0.505674097536836,0.468508805719053
874,"nor",0.50883635908142,0.561333681311124
875,"nor",0.493388149381536,0.539686204440732
876,"nor",0.537159188265352,0.571310319149703
877,"nor",0.478498465866861,0.434267618858444
878,"nor",0.531591594121545,0.496778099176846
879,"nor",0.529204732347191,0.481366729952695
880,"nor",0.493851019665801,0.430794677626958
881,"nor",0.476538164484517,0.57284737310215
882,"nor",0.508760350373403,0.519564040536165
883,"nor",0.604249897740082,0.387791129745752
884,"nor",0.479633034244379,0.553165601444137
885,"nor",0.494483817862239,0.470880547608076
886,"nor",0.422958072228019,0.535948018794691
887,"nor",0.503647864349471,0.439317470077518
888,"nor",0.514397678688401,0.516844320229046
889,"nor",0.492987977052818,0.401071759675268
890,"nor",0.597022992982118,0.560065414906251
891,"nor",0.490891537833835,0.500868317701865
892,"nor",0.538581757047092,0.41006706234051
893,"nor",0.508203811306421,0.43412463252255
894,"nor",0.550934152898618,0.495436722330936
895,"nor",0.409618192217568,0.541932721425656
896,"nor",0.483332119705409,0.496735518206728
897,"nor",0.421276462025749,0.532046650557843
898,"nor",0.519373545122989,0.518852235148465
899,"nor",0.509550342087503,0.459923943416523
900,"nor",0.549218847407348,0.494296717708138
901,"nor",0.467086456851233,0.538521263737243
902,"nor",0.566560330452938,0.460322343689195
903,"nor",0.461134761629293,0.496534058451242
904,"nor",0.411044238182189,0.495033443735969
905,"nor",0.505174500746836,0.478199659761654
906,"nor",0.406904521836125,0.491475858380285
907,"nor",0.428644818162502,0.498446309646045
908,"nor",0.533057347722497,0.573471800743807
909,"nor",0.543627987611894,0.51804532388399
910,"nor",0.529886294807494,0.599785101175262
911,"nor",0.565731900924087,0.412433554408547
912,"nor",0.513560235139591,0.39159951492653
913,"nor",0.49834031917867,0.476228083544912
914,"nor",0.482591455448781,0.498982657035324
915,"nor",0.47460809712275,0.535487081267803
916,"nor",0.4864819634905,0.511953803704321
917,"nor",0.435105329813866,0.590111489018465
918,"nor",0.422063791718752,0.481020946506651
919,"nor",0.465650832927484,0.530282662183643
920,"nor",0.5739869228617,0.363498741031723
921,"nor",0.520735132433585,0.527142821152869
922,"nor",0.486729073020973,0.526799502482557
923,"nor",0.468374447417538,0.554942030361516
924,"nor",0.543419513194311,0.511524629851737
925,"nor",0.501352623905758,0.451761255026483
926,"nor",0.542664976134162,0.483077204236242
927,"nor",0.47397664668118,0.447521203427224
928,"nor",0.469852427591286,0.428919660131301
929,"nor",0.506268666972458,0.618569661875318
930,"nor",0.499489016195724,0.519190223256135
931,"nor",0.506608603921967,0.51308886558308
932,"nor",0.515093625539162,0.439897569917538
933,"nor",0.481623156694789,0.547080501491356
934,"nor",0.54176820666138,0.557368978830606
935,"nor",0.568062122225394,0.496119077484227
936,"nor",0.478135733271153,0.5697080772199
937,"nor",0.63326474373936,0.442913502368042
938,"nor",0.485439028530188,0.486114532531712
939,"nor",0.418722527324586,0.449693622231162
940,"nor",0.508032307298701,0.520749570714485
941,"nor",0.544009699405293,0.572480074475832
942,"nor",0.515383135640697,0.48265631741743
943,"nor",0.471261111482498,0.458620255672063
944,"nor",0.478339997554157,0.469527565519915
945,"nor",0.449317400938931,0.42443872848222
946,"nor",0.488174587317923,0.38616291731165
947,"nor",0.403166529613987,0.514706717224162
948,"nor",0.527098387208119,0.464132636999675
949,"nor",0.516432090401082,0.405816018260819
950,"nor",0.510161764769644,0.453083762806408
951,"nor",0.573294813719367,0.432654315527053
952,"nor",0.587709234113337,0.507440909811495
953,"nor",0.453627843369842,0.521630426409814
954,"nor",0.488409560590047,0.486772724317808
955,"nor",0.542219043700063,0.521392512353944
956,"nor",0.492831601328607,0.534990930552446
957,"nor",0.488705559161088,0.475961426285809
958,"nor",0.501007186553083,0.538936840006703
959,"nor",0.536959852960738,0.501197864973783
960,"nor",0.527757516685567,0.537018746398995
961,"nor",0.562833162441397,0.508191699103963
962,"nor",0.447027410045556,0.42033444239552
963,"nor",0.502523738110941,0.573482093386364
964,"nor",0.518820839060276,0.460984574767881
965,"nor",0.405493956488184,0.379698699297291
966,"nor",0.483008834627521,0.603654930589794
967,"nor",0.547966234597358,0.382290520627983
968,"nor",0.466990634208349,0.473317326973672
969,"nor",0.516598708184271,0.358434475256086
970,"nor",0.455236549823837,0.40398087459569
971,"nor",0.510460769996692,0.536836732533294
972,"nor",0.523358052447569,0.401169454861689
973,"nor",0.508204860708881,0.542088821534658
974,"nor",0.472359040846666,0.530705245263993
975,"nor",0.472387310066994,0.425722585258932
976,"nor",0.547156771735783,0.556197564414952
977,"nor",0.5217538258486,0.531511952088996
978,"nor",0.477722418941984,0.539140548622659
979,"nor",0.492484100417699,0.484804174511277
980,"nor",0.469299466074587,0.529547749143696
981,"out",0.95528790678829,0.581313648028299
982,"out",1.00252372746356,0.769016557624564
983,"out",0.228191308211535,0.0364898550137877
984,"out",0.731342862574384,0.109019558858126
985,"out",0.809785376051441,0.133212284399197
986,"out",0.992178029362112,0.341359107736498
987,"out",0.418329315958545,0.16258057391271
988,"out",0.726898104166612,0.962114421902224
989,"out",0.982748435325921,0.409480777801946
990,"out",0.536501332884654,0.690521072829142
991,"out",0.248323649633676,0.778836462199688
992,"out",0.923923855628818,0.700737253781408
993,"out",0.682843252550811,0.711279308209196
994,"out",0.480533738387749,0.104098666440696
995,"out",0.408030313905329,0.278362808497623
996,"out",0.996713079726323,0.744753999421373
997,"out",0.812391848983243,0.584099150961265
998,"out",0.736160966316238,0.26693709705025
999,"out",0.170697312103584,0.78275060958229
1000,"out",0.73101428125985,0.504002093337476
