1,"out",0.112011,0.491872227459645,0.424364,0.681209,0.748623,0.066976,0.865725,0.0200981844089723,0.181869
2,"out",0,0.491872227459645,0.043612,0.086249,0.122159,0,0.889814,1,0.969187
3,"out",0.119357,0.491872227459645,0.280526,0.5878,0.696619,0.014433,0.980303,0.367033774155846,0.595861
4,"out",0.024987,0.491872227459645,0.056383,0.097072,0.130242,0.0018,0.787256,0.284288493251573,0.804989
5,"out",0.176667,0.491872227459645,0.356267,0.515091,0.555632,0.059072,0.881087,0.00572075281384588,0.124229
6,"out",0.337423,0.315611824107437,0.21809,0.564323,0.687203,0.075768,0.888813,0.000965633455546839,0.110962
7,"out",0.26907,0.409234186037096,0.223255,0.556418,0.660035,0.079813,0.834368,0.00183320258089307,0.106672
8,"out",0.257077,0.329656855657284,0.222039,0.605903,0.765878,0.101583,0.860906,0.00036323828431451,0.087724
9,"out",0.285962,0.288104753587313,0.198803,0.536864,0.631266,0.05859,0.914176,0.00155702140604236,0.136102
10,"out",0.297373,0.321784142370489,0.177849,0.488406,0.639552,0.079686,0.82482,0.00194027281896924,0.108272
11,"out",0.248615,0.644145493664004,0.050519,0.293778,0.618525,0.082937,0.842893,0.00169211002417586,0.112497
12,"out",0.380704,0.74743581587151,0.2108,0.669397,0.850165,0.069547,0.952015,0.00240057477705375,0.144705
13,"out",0.303415,0.491872227459645,0.063908,0.363761,0.738628,0.097983,0.832667,0.00134888486847372,0.08898
14,"out",0.309379,0.736774223399518,0.22798,0.674576,0.850013,0.097417,0.911863,0.000101066299492467,0.106952
15,"out",0.186166,0.658541014800377,0.063531,0.353188,0.74806,0.11067,0.822576,0.000910597351862822,0.081082
16,"out",0.272903,0.724120739613999,0.280876,0.797992,0.929297,0.098834,0.932678,0.00239557149490066,0.095687
17,"out",0.223316,0.491872227459645,0.061532,0.34644,0.758095,0.070865,0.879004,0.00170912118349637,0.125967
18,"out",0.306888,0.706366070757254,0.252349,0.734974,0.899233,0.060368,0.959314,0.00375446292768056,0.174448
19,"out",0.205507,0.491872227459645,0.315577,0.325885,0.362638,0.076228,0.306056,0.0452857074240702,0.164185
20,"out",0.259283,0.637116037501229,0.062308,0.343291,0.650035,0.090627,0.802793,0.00202632927200243,0.092747
21,"out",0.301419,0.72778410766855,0.216952,0.620856,0.750236,0.101493,0.88654,0,0.098141
22,"out",0.161471,0.491872227459645,0.283301,0.327988,0.307959,0.116271,0.012706,0.0383861813349557,0.096512
23,"out",0.317443,0.130786982145852,0.114872,0.530859,0.947785,0.083602,0.946035,0.0158503978609968,0.216357
24,"out",0.427038,0.0901753026298286,0.121529,0.539617,0.88048,0.10797,0.915387,0.00109071550937415,0.138919
25,"out",0.367135,0.110828740146095,0.134861,0.597404,0.930407,0.124082,0.913069,0.00217942970588706,0.105024
26,"out",0.378282,0.0951596578388789,0.104927,0.471542,0.828432,0.089701,0.924927,0.000666437182791912,0.136859
27,"out",0.287911,0.491872227459645,0.120267,0.57602,0.941536,0.09401,0.850689,0.0728037592660785,0.313765
28,"out",0.194043,0.491872227459645,0.14267,0.548291,0.816383,0.125414,0.811123,0.00271578155269857,0.096941
29,"out",0.202888,0.491872227459645,0.108036,0.477078,0.913456,0.098546,0.875793,0.00464704846379225,0.08308
30,"out",0.249951,0.491872227459645,0.139281,0.609276,0.91506,0.079997,0.875734,0.204453121247538,0.494937
31,"out",0.283375,0.491872227459645,0.088702,0.377645,0.680387,0.076697,0.877858,0.00189124065386894,0.134355
32,"nor",0.055131,0.491872227459645,0.031358,0.222233,0.507031,0.004841,0.998375,0.12330088538081,0.984391
33,"nor",0.050512,0.491872227459645,0.029074,0.192086,0.476147,0.010827,0.988046,0.0152169823404153,0.582047
34,"nor",0.10949,0.0246279662928497,0.032463,0.183698,0.3688,0.088299,0.861722,0.0213460029779535,0.533991
35,"nor",0.074926,0.68683928953563,0.029039,0.229894,0.600619,0.008541,0.997771,0.10003562336893,0.831582
36,"nor",0.033087,0.23121902128964,0.023656,0.180263,0.467511,0.009956,0.986932,0.0221105044909461,0.649324
37,"nor",0.078541,0.992872221675988,0.006181,0.078527,0.328725,0.010667,0.973596,0.0420085576137947,0.625119
38,"nor",0.041372,0.793392750764889,0.025926,0.195758,0.557475,0.00822,0.99771,0.0607258361485134,0.793068
39,"nor",0.029283,0.491872227459645,0.046107,0.261537,0.532188,0.010706,0.992272,0.0201141949118622,0.657359
40,"nor",0.025914,0.491872227459645,0.014756,0.145551,0.423204,0.01334,0.988346,0.0214100449895131,0.628573
41,"nor",0.035172,0.491872227459645,0.232136,0.556786,0.685619,0.005374,0.99885,0.21636393474119,0.968084
42,"nor",0.047562,0.491872227459645,0.365856,0.512397,0.528434,0.013755,0.986727,0.0135238716598088,0.573255
43,"nor",0.033021,0.491872227459645,0.280589,0.469827,0.47808,0.016311,0.962484,0.0310083414720056,0.544174
44,"nor",0.059034,0.14575161508609,0.025432,0.211695,0.561254,0.010272,0.996058,0.0724465249203477,0.746971
45,"nor",0.12453,0.491872227459645,0.03802,0.230967,0.460932,0.007942,0.994403,0.0279713492050785,0.706946
46,"nor",0.104566,0.491872227459645,0.02708,0.224832,0.737294,0.025758,0.957048,0.0207165900830945,0.499365
47,"nor",0.099405,0.491872227459645,0.037046,0.211547,0.41389,0.011855,0.966572,0.0447693687058711,0.647288
48,"nor",0.058272,0.544375104828775,0.031347,0.229502,0.559074,0.031302,0.980386,0.00789617989401047,0.299214
49,"nor",0.072751,0.491872227459645,0.442735,0.512665,0.546384,0.104959,0.655413,0.0584743591796218,0.164605
50,"nor",0.048841,0.800500864656653,0.049443,0.282454,0.505609,0.02937,0.975125,0.0108020861685266,0.328321
51,"nor",0.04431,0.814766831886455,0.059504,0.323276,0.61394,0.017501,0.990312,0.0264883763749019,0.541862
52,"nor",0.054903,0.549100352224684,0.03814,0.253819,0.543233,0.031572,0.969934,0.0108741334315311,0.330363
53,"nor",0.089743,0.814750637648134,0.02184,0.193346,0.553198,0.010459,0.996139,0.0583933060087417,0.749333
54,"nor",0.030756,1,0.020946,0.172374,0.507866,0.010472,0.989551,0.025357634608303,0.659914
55,"nor",0.066358,0.491872227459645,0.018897,0.138929,0.294125,0.009525,0.971951,0.0528306569109336,0.690438
56,"nor",0.062288,0.491872227459645,0.037779,0.23907,0.501786,0.004906,0.997972,0.0911027634127988,0.94685
57,"nor",0.04489,0.491872227459645,0.030361,0.178719,0.426959,0.003962,0.996537,0.0299166253062009,0.806229
58,"nor",0.02996,0.814750637648134,0.014326,0.125734,0.340921,0.018756,0.968241,0.0457209929713892,0.593013
59,"nor",0.093915,0.597813777826617,0.056452,0.294355,0.561544,0.010414,0.995977,0.0577418786724091,0.766115
60,"nor",0.039582,0.309537828005622,0.047083,0.247633,0.451058,0.011927,0.984824,0.0198350117677196,0.59726
61,"nor",0.047634,0.852777022689285,0.028863,0.180182,0.401283,0.01732,0.97238,0.0271668214348613,0.563715
62,"nor",0.041457,0.491872227459645,0.033955,0.223837,0.504237,0.006324,0.998764,0.115452736995469,0.866635
63,"nor",0.077711,0.814970416596781,0.046734,0.357887,0.84736,0.046967,0.938991,0.0255697737715942,0.747377
64,"nor",0.036577,0.491872227459645,0.206793,0.483369,0.76885,0.009641,0.950928,0.294775372644455,0.997015
65,"nor",0.064867,0.491872227459645,0.054918,0.26552,0.911031,0.05599,0.839905,0.0451966490017452,0.695242
66,"nor",0.059074,0.491872227459645,0.127263,0.441554,0.589261,0.01076,0.996419,0.0557966025712868,0.695838
67,"nor",0.09254,0.188247609903933,0.072403,0.311833,0.5068,0.01202,0.990647,0.0202732992843305,0.59701
68,"nor",0.07386,0.871750886345365,0.067483,0.297928,0.879271,0.059965,0.86317,0.0281894923069534,0.557844
69,"nor",0.083278,0.491872227459645,0.024111,0.192069,0.534414,0.004773,1,0.116137185994012,0.890078
70,"nor",0.065172,0.971498140554421,0.014653,0.141073,0.425887,0.007511,0.985839,0.0289269760963192,0.663737
71,"nor",0.048071,0.957248367562941,0.027192,0.167734,0.353132,0.010653,0.957547,0.0666507228742055,0.687
72,"nor",0.055145,0.491872227459645,0.197376,0.493836,0.576958,0.005728,0.998112,0.107576570230071,0.907724
73,"nor",0.023686,0.491872227459645,0.052102,0.236681,0.448037,0.010273,0.989621,0.020568492931363,0.680633
74,"nor",0.060033,0.491872227459645,0.168192,0.445277,0.494401,0.00999,0.995656,0.0880297475143694,0.806298
75,"nor",0.061554,0.491872227459645,0.172066,0.330385,0.415563,0.0097,0.977571,0.0511805744568437,0.681829
76,"nor",0.044251,0.491872227459645,0.244599,0.560466,0.586592,0.01503,0.992862,0.0679315631053971,0.750738
77,"nor",0.080077,0.40010410581778,0.043745,0.287977,0.642381,0.033215,0.982017,0.0111843369250228,0.361241
78,"nor",0.115808,0.491872227459645,0.218562,0.51866,0.53297,0.012255,0.994687,0.0578429449719016,0.762086
79,"nor",0.154412,0.94301594554109,0.079849,0.400407,0.698772,0.034825,0.978006,0.0118497734513841,0.361147
80,"nor",0.151021,0.491872227459645,0.376156,0.664823,0.732194,0.03333,0.972343,0.0204474135032581,0.504531
81,"nor",0.064896,0.491872227459645,0.036191,0.213656,0.55716,0.008597,0.996273,0.118929017435438,0.916566
82,"nor",0.062699,0.491872227459645,0.040332,0.26182,0.940076,0.024724,0.979312,0.0507703053202901,0.762861
83,"nor",0.102603,0.491872227459645,0.296103,0.602466,0.654713,0.017786,0.988849,0.0644492787268448,0.788743
84,"nor",0.096998,0.491872227459645,0.043207,0.327288,0.966743,0.087193,0.896169,0.0609619910661394,0.732745
85,"nor",0.122426,0.2880897160803,0.127511,0.572804,0.908484,0.148173,0.82837,0.0209117180870651,0.535753
86,"nor",0.26834,0.345052949375654,0.064527,0.337234,0.705536,0.11568,0.885949,0.00676443747098096,0.362147
87,"nor",0.12205,0.491872227459645,0.0276,0.234651,0.656919,0.059591,0.931335,0.0462993723882867,0.721262
88,"nor",0.14608,0.491872227459645,0.70612,0.689218,0.940069,0.20029,0.687614,0.0136199346771482,0.476306
89,"nor",0.117043,0.163413745438141,0.051482,0.281735,0.634089,0.061569,0.901709,0.0204364062825213,0.425185
90,"nor",0.092009,0.32381536254851,0.031048,0.221121,0.537697,0.006374,0.998364,0.0997964664820122,0.890111
91,"nor",0.075949,0.466234434734328,0.028163,0.185496,0.445216,0.006894,0.993202,0.0257618998062729,0.735547
92,"nor",0.151306,0.558624877820255,0.047796,0.321332,0.89322,0.102897,0.851782,0.0246241534446597,0.644242
93,"nor",0.136018,0.971532842493681,0.087559,0.400621,0.696094,0.01642,0.992173,0.0519690917241711,0.694211
94,"nor",0.126959,0.402208200068247,0.068338,0.313441,0.498189,0.023209,0.98711,0.02227861477129,0.55176
95,"nor",0.138262,0.509039276811586,0.064159,0.322455,0.627139,0.023426,0.985053,0.014192310155462,0.517069
96,"nor",0.03214,0.491872227459645,0.028896,0.228724,0.595763,0.005765,0.997493,0.101931867304952,0.902074
97,"nor",0.036139,0.491872227459645,0.029668,0.196553,0.475993,0.005541,0.995155,0.0450035223106358,0.829476
98,"nor",0.033009,0.491872227459645,0.019256,0.160005,0.45483,0.008163,0.990437,0.0234243663843481,0.706534
99,"nor",0.06629,0.491872227459645,0.016256,0.115572,0.290595,0.005136,0.990526,0.0445382170703982,0.775251
100,"nor",0.084571,0.516056008929966,0.025988,0.202582,0.513121,0.007483,0.997933,0.0921764677628524,0.845228
101,"nor",0.067827,0.494687711464942,0.020464,0.160216,0.472647,0.01011,0.985688,0.0233843401271234,0.638136
102,"nor",0.034795,0.352304497949694,0.020581,0.243201,0.867983,0.184749,0.697722,0.0167579932435678,0.409741
103,"nor",0.037209,0.491872227459645,0.003311,0.06361,0.352968,0.006696,0.997975,0.0864236939432268,0.837922
104,"nor",0.046382,0.491872227459645,0.031777,0.204351,0.458431,0.018138,0.956952,0.0286027634127988,0.609049
105,"nor",0.04777,0.491872227459645,0.019024,0.137141,0.314509,0.03732,0.8934,0.0437777181831281,0.553398
106,"nor",0.007818,0.132305770354133,0.091931,0.266093,0.307743,0.02556,0.799217,0.0685559727181031,0.484818
107,"nor",0.006224,0.364009462062105,0.105395,0.275807,0.303402,0.018867,0.795605,0.101824797066876,0.596357
108,"nor",0.075235,0.437538244428893,0.011647,0.143191,0.539735,0.008948,0.996231,0.0654829568196737,0.758482
109,"nor",0.092614,0.843249026899787,0.016502,0.155384,0.462681,0.011257,0.988,0.0256748426968091,0.647555
110,"nor",0.045382,0.28823777768781,0.022658,0.163913,0.415992,0.011587,0.979117,0.0339012392129237,0.660901
111,"nor",0.090627,0.501831684027276,0.013339,0.150713,0.532602,0.009584,0.995769,0.0530968315214781,0.70603
112,"nor",0.057482,0.491872227459645,0.007018,0.093871,0.41258,0.011457,0.987621,0.0232382442882531,0.60862
113,"nor",0.048704,0.848176702274712,0.011796,0.119448,0.380133,0.013487,0.982188,0.0315446933188171,0.640688
114,"nor",0.045382,0.416394352837751,0.013335,0.154497,0.527051,0.016886,0.992132,0.0248553050801326,0.505884
115,"nor",0.115322,0.480470326950104,0.056105,0.327465,0.695621,0.028332,0.979622,0.030031700795722,0.49965
116,"nor",0.041906,0.299936958143678,0,0,0,0.026623,0.979204,0.0102637330088538,0.30995
117,"nor",0.113254,0.843249026899787,0.026694,0.196173,0.496645,0.039633,0.950884,0.0272748923293681,0.388173
118,"nor",0.083849,0.743743529534242,0.116686,0.411199,0.559661,0.015963,0.990629,0.0155151779567396,0.539087
119,"nor",0.193013,0.216853575167292,0.042344,0.266126,0.669146,0.080821,0.893537,0.0129795145615524,0.469507
120,"nor",0.0617,0.50181895998288,0.035669,0.247266,0.530017,0.01708,0.991894,0.0311424294337085,0.536928
121,"nor",0.044007,0.637030439384388,0.053979,0.295698,0.60649,0.028769,0.97885,0.00897788949550905,0.323057
122,"nor",0.122802,0.622800330825154,0.023489,0.212643,0.594075,0.045279,0.952813,0.0181178853327783,0.349616
123,"nor",0.100307,0.468609204111023,0.002221,0.053423,0.367446,0.042835,0.967683,0.00736082870362958,0.302377
124,"nor",0.073746,0.491872227459645,0.277966,0.610553,0.627403,0.024078,0.98121,0.0167519893049841,0.469774
125,"nor",0.149238,0.298818398968196,0.31623,0.687459,0.839423,0.13784,0.804331,0.016767999807874,0.449794
126,"nor",0.053159,0.491872227459645,0.309062,0.667739,0.703692,0.019058,0.985705,0.0215271217918955,0.533314
127,"nor",0.121308,0.491872227459645,0.197685,0.52081,0.615215,0.023191,0.978913,0.0160645383371492,0.533457
128,"nor",0.053831,0.491872227459645,0.266359,0.5883,0.685979,0.024252,0.977209,0.0118637826414128,0.486887
129,"nor",0.046641,0.491872227459645,0.291828,0.581883,0.691912,0.028752,0.971244,0.00914199715013049,0.421493
130,"nor",1,0.444118888843905,0.214823,0.586667,0.837926,0.185832,0.791318,0.00443991258265422,0.259163
131,"nor",0.150825,0.94301594554109,0.13464,0.486149,0.668944,0.034336,0.978067,0.00993551769961095,0.341616
132,"nor",0.058081,0.491872227459645,0.184701,0.564663,0.712295,0.032851,0.970632,0.0104588610128244,0.363408
133,"nor",0.09785,0.313041567139577,0.225058,0.634724,0.736303,0.048926,0.965966,0.00594189788501257,0.195017
134,"nor",0.109849,0.0745015933973777,0.241716,0.665673,0.831115,0.037235,0.972802,0.0248963319937879,0.525076
135,"nor",0.110169,0.110127760973042,0.120535,0.496672,0.763635,0.032347,0.977017,0.0213600121679822,0.532209
136,"nor",0.093582,0.697535583946883,0.479174,0.794936,0.866151,0.045009,0.964564,0.0914259754398886,0.668841
137,"nor",0.140607,0.871750886345365,0.301528,0.716891,0.747064,0.038205,0.915081,0.0452066555660513,0.708028
138,"nor",0.149266,0.491872227459645,0.386596,0.727173,0.824395,0.038673,0.967406,0.0146366016106566,0.472287
139,"nor",0.165257,0.491872227459645,0.209861,0.563067,0.62787,0.027034,0.984144,0.0135408828191293,0.489041
140,"nor",0.176323,0.537452067946397,0.30922,0.792885,0.98558,0.125442,0.874177,0.0191935909956932,0.504373
141,"nor",0.101637,0.779195030682298,0.254155,0.661205,0.859781,0.039893,0.982875,0.025268576185978,0.440511
142,"nor",0.103,0.491872227459645,0.214759,0.57294,0.72484,0.028347,0.980116,0.0275590787556637,0.591484
143,"nor",0.079204,0.491872227459645,0.366451,0.707869,0.72045,0.031806,0.975121,0.0136879793144303,0.360637
144,"nor",0.152878,0.491872227459645,0.348141,0.627343,0.703948,0.024321,0.975656,0.0148177204245985,0.460824
145,"nor",0.15621,0.491872227459645,0.39883,0.767971,0.82983,0.035574,0.971684,0.0131676379705087,0.344136
146,"nor",0.127185,0.491872227459645,0.401057,0.733141,0.810347,0.043644,0.950438,0.015666277077763,0.44805
147,"nor",0.068039,0.491872227459645,0.171181,0.569031,0.908834,0.054969,0.934695,0.0137330088538081,0.398686
148,"nor",0.169555,0.491872227459645,0.470916,0.614334,0.66626,0.021452,0.979777,0.0146956403400631,0.507125
149,"nor",0.314437,0.701082122139259,0.295085,0.873825,0.94672,0.183761,0.823525,0.0114084839654814,0.354931
150,"nor",0.308757,0.094922527920602,0.340689,0.90705,0.942319,1,0.174055,0.00327414784098369,0
151,"nor",0.13755,0.491872227459645,0.162428,0.555429,0.96875,0.054983,0.955887,0.0311614419058903,0.569394
152,"nor",0.096208,0.0637925749417297,0.222817,0.695556,0.969191,0.075519,0.933116,0.0246361613218271,0.550127
153,"nor",0.077611,0.850443895639701,0.181332,0.597353,0.89978,0.051183,0.959566,0.0236475127683761,0.542722
154,"nor",0.094169,0.491872227459645,0.377995,0.694576,0.805323,0.041664,0.948391,0.0145995773227237,0.402895
155,"nor",0.089968,0.420286753691419,0.101423,0.451338,0.867534,0.055478,0.956508,0.0243629821162683,0.554596
156,"nor",0.108501,0.708257326446926,0.164754,0.541329,0.785262,0.041587,0.972868,0.0339912982916794,0.604562
157,"nor",0.126684,0.152870139559632,0.122066,0.458342,0.821012,0.035185,0.977662,0.0354632639011191,0.620673
158,"nor",0.142917,0.491872227459645,0.309093,0.576329,0.674996,0.040531,0.950523,0.0134718375254167,0.426783
159,"nor",0.033267,0.445525474115245,0.02081,0.139764,0.315416,0.035653,0.781853,0.0562178789285771,0.475837
160,"nor",0.017192,0.487419968652582,0.062213,0.236994,0.314315,0.037284,0.738666,0.0603996221521318,0.472107
161,"nor",0.046901,0.389607925922927,0.245636,0.535985,0.586592,0.02598,0.976772,0.010764061224163,0.328088
162,"nor",0.045878,0.907373583727104,0.379998,0.582822,0.596732,0.018124,0.981458,0.0160325173313694,0.415005
163,"nor",0.044898,0.0138564843465336,0.229328,0.544272,0.575201,0.021515,0.978316,0.0145695576298052,0.408122
164,"nor",0.052614,0.333245036176772,0.039154,0.184156,0.271269,0.035251,0.813098,0.0563919931475048,0.500783
165,"nor",0.051599,0.671074198529794,0.115478,0.287874,0.375765,0.041853,0.7574,0.0532569365503771,0.452034
166,"nor",0.051261,0.101493918485145,0.205934,0.498289,0.572681,0.023055,0.976696,0.0116566467602747,0.368675
167,"nor",0.022394,0.253874760701211,0.071613,0.243216,0.33272,0.026629,0.806597,0.0722854192350182,0.573636
168,"nor",0.042911,0.389824234677648,0.151477,0.456878,0.574727,0.017898,0.983291,0.0213910325173314,0.465678
169,"nor",0.100485,0.00534641210866334,0.473731,0.857385,0.916337,0.195579,0.74353,0.012967506684385,0.337751
170,"nor",0.156156,0.277758948762587,0.069976,0.30364,0.684953,0.090517,0.739503,0.0219483981491859,0.464553
171,"nor",0.09698,0.0556746346174979,0.415736,0.85944,0.908423,0.241186,0.633662,0.0178707231944155,0.342818
172,"nor",0.05286,0.804136471159797,0.269352,0.549681,0.570121,0.013052,0.9831,0.0327945132006596,0.603324
173,"nor",0.053275,0.491872227459645,0.312458,0.551109,0.584299,0.013861,0.987044,0.0308782561360252,0.575415
174,"nor",0.060121,0.821925841955801,0.264856,0.446525,0.64682,0.017117,0.968014,0.0268316015306041,0.548547
175,"nor",0.081866,0.491872227459645,0.183419,0.373512,0.423477,0.005742,0.995923,0.0531248499015354,0.7513
176,"nor",0.09685,0.491872227459645,0.507209,0.802914,0.914603,0.064307,0.895337,0.0154461326630269,0.391784
177,"nor",0.060007,0.491872227459645,0.188991,0.49645,0.646217,0.006868,0.990124,0.0867419026881634,0.834634
178,"nor",0.118661,0.491872227459645,0.143211,0.408623,0.516408,0.004598,0.994203,0.416205030500008,0.921877
179,"nor",0.107822,0.0789677329801447,0.386518,0.849321,0.948324,0.226154,0.703179,0.0208927056148834,0.449227
180,"nor",0.087416,0.491872227459645,0.237147,0.47292,0.575358,0.003927,0.99879,0.108884428184889,0.941056
181,"nor",0.081179,0.491872227459645,0.084966,0.268107,0.485162,0.006206,0.995441,0.135126643077859,0.922856
182,"nor",0.020281,0.491872227459645,0.174454,0.467942,0.565414,0.003577,0.996128,0.422134920507853,0.951096
183,"nor",0.058642,0.491872227459645,0.280356,0.57183,0.561185,0.003928,0.995874,0.350896187899262,0.942163
184,"nor",0.079636,0.491872227459645,0.248648,0.56685,0.825361,0.021843,0.959413,0.073998543044237,0.808275
185,"nor",0.062715,0.864641615722292,0.031109,0.19984,0.435833,0.023898,0.880091,0.049878720440609,0.522444
186,"nor",0.026461,0.871750886345365,0.027899,0.139904,0.219195,0.007789,0.755585,0.304308626458957,0.880158
187,"nor",0.047825,0.252617393768688,0.029623,0.188652,0.403922,0.017658,0.908388,0.0485728637986519,0.561248
188,"nor",0.021393,0.281113469557724,0.05064,0.188121,0.230377,0.010909,0.665086,0.274222890215982,0.862941
189,"nor",0.066205,0.802551749266922,0.173617,0.546737,0.67657,0.021649,0.989094,0.0105058918650635,0.337459
190,"nor",0.044458,0.491872227459645,0.026981,0.182576,0.410444,0.014952,0.93251,0.0418814742471061,0.52747
191,"nor",0.037873,0.878875194475451,0.027401,0.142895,0.224948,0.010004,0.670624,0.308436334235258,0.845132
192,"nor",0.052979,0.644154747514474,0.044929,0.231778,0.413535,0.011704,0.948356,0.0520561488336349,0.62154
193,"nor",0.074762,0.76878097871036,0.17957,0.535396,0.731813,0.019327,0.987322,0.00941717766855057,0.425337
194,"nor",0.019944,0.644154747514474,0.051713,0.197939,0.257749,0.010924,0.730972,0.236849373188812,0.803545
195,"nor",0.047298,0.0745027501286864,0.029614,0.187725,0.413301,0.01462,0.919268,0.0545517859715974,0.608766
196,"nor",0.08677,0.439582188651309,0.144045,0.517408,0.674486,0.022883,0.986674,0.010294753358203,0.383865
197,"nor",0.048069,0.0958779879815617,0.05127,0.183493,0.229316,0.015312,0.5474,0.280531028354601,0.813165
198,"nor",0.323621,0.0175036581627637,0.183582,0.641709,0.843354,0.212078,0.832529,0.00271478089626795,0.095907
199,"nor",0.338444,0.0374468626555081,0.394468,0.686291,0.83595,0.067539,0.910374,0.335740245601114,0.757723
200,"nor",0.261651,0.334607665658383,0.022004,0.256929,0.832453,0.038481,0.974189,0.00656530684128788,0.380015
201,"nor",0.053374,0.491872227459645,0.029983,0.18999,0.382648,0.012762,0.935496,0.0531908932259562,0.596653
202,"nor",0.078614,0.907373583727104,0.181474,0.537533,0.720022,0.020479,0.987519,0.00852759410173074,0.351066
203,"nor",0.040982,0.836242705363185,0.033346,0.205843,0.429642,0.027719,0.850332,0.0435925967434637,0.509954
204,"nor",0.090521,0.921625670181202,0.183305,0.573341,0.757629,0.028873,0.979983,0.00924406410605357,0.337943
205,"nor",0.105612,0.352335729695028,0.146287,0.587209,0.963543,0.110179,0.896668,0.022624841896284,0.515875
206,"nor",0.16288,0.64071000167726,0.150227,0.545793,0.797873,0.059052,0.956283,0.00849657375238156,0.364652
207,"nor",0.049895,0.499138813540697,0.166556,0.537764,0.765232,0.042641,0.944537,0.0123581069181383,0.375179
208,"nor",0.08376,0.150617983701656,0.071412,0.308328,0.523944,0.045274,0.858099,0.031167445844474,0.452436
209,"nor",0.130991,0.935875443172683,0.101858,0.461144,0.874657,0.063541,0.942622,0.0325503530315887,0.581901
210,"nor",0.184739,0.345192913864003,0.09854,0.416708,0.680933,0.027514,0.98247,0.00861965449334764,0.38448
211,"nor",0.055771,0.873577365081752,0.036652,0.227993,0.564014,0.032489,0.947387,0.0177286299812677,0.358195
212,"nor",0.064649,0.596298459812263,0.088906,0.374447,0.609823,0.030172,0.981092,0.0164738068172721,0.522892
213,"nor",0.067347,0.412117917189606,0.086368,0.40338,0.802738,0.019361,0.986195,0.0124471653404633,0.480897
214,"nor",0.072269,0.61917397817248,0.321237,0.620273,0.670741,0.073507,0.934855,0.02794132951216,0.108356
215,"nor",0.072921,0.380828335290137,0.011777,0.139151,0.467981,0.018225,0.988604,0.014779695480235,0.483045
216,"nor",0.081831,0.108316319743668,0.243859,0.656557,0.990399,0.031552,0.976238,0.0206875710466066,0.550398
217,"nor",0.094808,0.219846039062816,0.136547,0.505117,0.766577,0.072024,0.936137,0.029643446100642,0.552964
218,"nor",0.100125,0.329511107512391,0.0957,0.402699,0.615751,0.037968,0.972384,0.0072427512448166,0.365973
219,"nor",0.151489,0.836204533229999,0.077064,0.356979,0.823202,0.042864,0.957982,0.00746089434669143,0.268036
220,"nor",0.103155,0.935875443172683,0.077361,0.368419,0.737349,0.012378,0.992427,0.0481035559326918,0.744946
221,"nor",0.083812,0.491872227459645,0.103436,0.364619,0.553699,0.016757,0.967703,0.0365289629997278,0.687462
222,"nor",0.059971,0.491872227459645,0.022088,0.149196,0.322004,0.007968,0.966295,0.0816345522662867,0.837838
223,"nor",0.140675,0.658381385879781,0.100523,0.415059,0.702265,0.023794,0.979959,0.0492963383979891,0.747585
224,"nor",0.117795,0.491872227459645,0.114217,0.559997,1,0.034679,0.974097,0.0450255367521094,0.661616
225,"nor",0.121573,0.921625670181202,0.078406,0.447893,0.990384,0.052294,0.946744,0.044701324068589,0.634096
226,"nor",0.124721,0.152871296290941,0.088803,0.42879,0.924888,0.029667,0.97666,0.0402474022959061,0.658111
227,"nor",0.163993,0.480524693321612,0.071692,0.377933,0.719167,0.022228,0.983013,0.0297975471909573,0.64703
228,"nor",0.086868,0.907373583727104,0.0872,0.430555,0.791898,0.029594,0.977417,0.0443180726556621,0.668539
229,"nor",0.088468,0.637157679828341,0.072194,0.335715,0.609886,0.018675,0.981661,0.0148397348660721,0.549648
230,"nor",0.085038,0.11725091237182,0.101378,0.509642,0.880624,0.087154,0.905279,0.0684218847564002,0.68936
231,"nor",0.047423,0.822050768937138,0.055763,0.27156,0.554174,0.017484,0.977122,0.0187202805040106,0.541097
232,"nor",0.142126,0.491872227459645,0.058164,0.333985,0.727274,0.027752,0.977759,0.0315096703437455,0.679125
233,"nor",0.140032,0.658473924384474,0.068441,0.372233,0.713286,0.015733,0.99125,0.0508513584911702,0.734674
234,"nor",0.129396,0.907373583727104,0.048219,0.277349,0.682945,0.019541,0.979524,0.0155872252197442,0.545193
235,"nor",0.123848,0.088752523120167,0.077897,0.421937,0.875455,0.044588,0.962957,0.0257759089963016,0.616133
236,"nor",0.208037,0.491872227459645,0.282468,0.682609,0.660073,0.061387,0.950946,0.0412080324692999,0.379354
237,"nor",0.142,0.491872227459645,0.046282,0.282295,0.605628,0.012769,0.992913,0.053209905698138,0.722184
238,"nor",0.193191,0.491872227459645,0.544494,1,0.99439,0.056514,0.95322,0.0828573544245025,0.451467
239,"nor",0.135385,0.491872227459645,0.061043,0.302341,0.584089,0.014887,0.991546,0.0371483693302807,0.690017
240,"nor",0.115131,0.542188882655392,0.060231,0.294351,0.473058,0.029194,0.955646,0.0176245617124834,0.490554
241,"nor",0.05322,0.491872227459645,0.023428,0.193358,0.515836,0.011083,0.986874,0.147824973182408,0.888209
242,"nor",0.097997,0.491872227459645,0.115199,0.40093,0.675544,0.016233,0.955248,0.0306941353527914,0.604091
243,"nor",0.036563,0.491872227459645,0.051134,0.215645,0.428226,0.009015,0.962462,0.0595480635296755,0.700194
244,"nor",0.064327,0.491872227459645,0.102286,0.347513,0.503817,0.004099,0.996537,0.165780752173426,1
245,"nor",0.033077,0.491872227459645,0.114453,0.391385,0.519458,0.003482,0.997896,0.145646544132951,0.978237
246,"nor",0.066002,0.491872227459645,0.193652,0.365023,0.39315,0.005461,0.976431,0.0641911093677452,0.815811
247,"nor",0.051248,0.491872227459645,0.114416,0.28731,0.373575,0.006091,0.972762,0.055832626202789,0.749346
248,"nor",0.047495,0.491872227459645,0.11588,0.29058,0.372557,0.005652,0.941592,0.127444603660001,0.873504
249,"nor",0.03228,0.491872227459645,0.09598,0.239426,0.334519,0.004608,0.956116,0.111152916313101,0.857124
250,"nor",0.108471,0.971498140554421,0.095328,0.408378,0.644725,0.0155,0.989105,0.0746209513440817,0.758332
251,"nor",0.043852,0.491872227459645,0.072306,0.303381,0.480977,0.010258,0.992106,0.0220254486943435,0.626636
252,"nor",0.088716,0.637116037501229,0.059566,0.24144,0.343676,0.019,0.950572,0.0424548503818505,0.651278
253,"nor",0.117748,0.491872227459645,0.087231,0.366069,0.56777,0.011558,0.995964,0.0522112505803807,0.68929
254,"nor",0.087201,0.761487787809209,0.089993,0.398032,0.681552,0.030297,0.975252,0.0193336828959798,0.508859
255,"nor",0.055668,0.864625421483971,0.06793,0.29189,0.487796,0.025139,0.960284,0.0213099793464513,0.442398
256,"nor",0.060581,0.701075181751407,0.09722,0.3886,0.553743,0.009708,0.996568,0.0446342800877376,0.63869
257,"nor",0.075078,0.361514392629308,0.119517,0.419651,0.552158,0.015203,0.991334,0.0305030099745433,0.552645
258,"nor",0.053804,0.371571014626867,0.077483,0.33161,0.620407,0.027399,0.964168,0.0155952304711891,0.394747
259,"nor",0.059204,0.491872227459645,0.025508,0.196964,0.494983,0.004207,0.999958,0.102561280199811,0.966847
260,"nor",0.027003,0.359450783974644,0.022126,0.145518,0.338736,0.009365,0.980705,0.0303328983813382,0.667014
261,"nor",0.031638,0.491872227459645,0.030308,0.156607,0.286949,0.00742,0.993504,0.0415622648457388,0.772851
262,"nor",0.057201,0.491872227459645,0.049985,0.288546,0.579544,0.006444,0.997802,0.109087561440305,0.942594
263,"nor",0.091887,0.491872227459645,0.622962,0.371535,0.509877,0.058935,0.929772,0.150199530892265,0.491129
264,"nor",0.040018,0.772359905379379,0.051412,0.254635,0.451943,0.008769,0.995525,0.0259990553803295,0.735666
265,"nor",0.04448,0.491872227459645,0.117984,0.419068,0.560038,0.007329,0.99746,0.0638618934020718,0.828613
266,"nor",0.0602,0.491872227459645,0.098389,0.319168,0.418727,0.010517,0.987407,0.0243719880241438,0.682348
267,"nor",0.08403,0.491872227459645,0.69443,0.5365,0.555386,0.041832,0.930668,0.110060199490866,0.521049
268,"nor",0.061388,0.117252069103128,0.047582,0.200637,0.342073,0.010484,0.977105,0.0573846443266783,0.72497
269,"nor",0.025053,0.491872227459645,0.105618,0.388275,0.615893,0.005504,0.998066,0.0989399045774028,0.89957
270,"nor",0.066657,0.491872227459645,0.084901,0.368771,0.665806,0.050264,0.942627,0.0183500376246818,0.611018
271,"nor",0.030401,0.491872227459645,0.19905,0.555384,0.63883,0.565278,0,0.0868829952448806,0.16372
272,"nor",0.028491,0.864625421483971,0.05366,0.242495,0.417129,0.01268,0.972785,0.0441829840375286,0.677727
273,"nor",0.057722,0.491872227459645,0.652062,0.376804,0.448976,0.045007,0.931607,0.0549890728317776,0.328725
274,"nor",0.033303,0.491872227459645,0.079536,0.319425,0.520828,0.005509,0.999014,0.0819097327847068,0.904966
275,"nor",0.029743,0.491872227459645,0.104623,0.336695,0.448096,0.008325,0.99647,0.0259260074608943,0.747294
276,"nor",0.099616,0.491872227459645,0.765384,0.374704,0.523005,0.036761,0.966141,0.0948352118990057,0.449025
277,"nor",0.035222,0.491872227459645,0.052347,0.209449,0.333195,0.010062,0.992799,0.0252655742166861,0.724953
278,"nor",0.04507,0.491872227459645,0.104053,0.377004,0.501937,0.008824,0.997047,0.0522702893097872,0.778053
279,"nor",0.110687,0.395071167893766,0.105052,0.379747,0.517803,0.015424,0.989531,0.017431435021374,0.573592
280,"nor",0.085006,0.757999086182266,0.020554,0.132501,0.288205,0.00747,0.991285,0.0357694647688884,0.707319
281,"nor",0.05208,0.491872227459645,0.087903,0.353153,0.694577,0.006955,0.997546,0.0722263805056117,0.871548
282,"nor",0.078225,0.491872227459645,0.062323,0.269843,0.509562,0.012597,0.993667,0.0182589778894955,0.647684
283,"nor",0.081675,0.323837340443375,0.048272,0.211275,0.405865,0.010034,0.993423,0.0280153780880257,0.686875
284,"nor",0.096356,0.491872227459645,0.076055,0.340488,0.634767,0.008477,0.997403,0.0810011367457052,0.899411
285,"nor",0.094128,0.491872227459645,0.097946,0.333981,0.46835,0.010935,0.995641,0.0235344385917162,0.739581
286,"nor",0.075958,0.491872227459645,0.100899,0.409799,0.647745,0.008274,0.997712,0.111853375814534,0.844912
287,"nor",0.09744,0.491872227459645,0.08834,0.299899,0.452332,0.009817,0.990773,0.0228770073167998,0.695088
288,"nor",0.076293,0.491872227459645,0.063263,0.262493,0.503501,0.018963,0.953568,0.0418054243583791,0.609499
289,"nor",0.030412,0.491872227459645,0.125774,0.41871,0.521846,0.007775,0.997861,0.0912168382458893,0.836543
290,"nor",0.097022,0.491872227459645,0.134835,0.423875,0.644019,0.009571,0.995649,0.0921864743271586,0.845689
291,"nor",0.039409,0.491872227459645,0.029839,0.202076,0.473632,0.005443,0.999278,0.117246913975568,0.912028
292,"nor",0.060346,0.491872227459645,0.0407,0.245361,0.526793,0.008216,0.996135,0.0829944443554972,0.827348
293,"nor",0.094802,0.491872227459645,0.075721,0.323801,0.622937,0.017585,0.972283,0.0188093389263357,0.560729
294,"nor",0.031017,0.491872227459645,0.03629,0.201083,0.51235,0.007597,0.982905,0.0400212539425863,0.738281
295,"nor",0.031055,0.491872227459645,0.018272,0.126085,0.283844,0.012882,0.930248,0.0819237419747354,0.724635
296,"nor",0.034761,0.491872227459645,0.084682,0.334918,0.534824,0.005362,0.998852,0.102757408860212,0.89983
297,"nor",0.057004,0.491872227459645,0.449869,0.232534,0.436181,0.045797,0.935198,0.0750752493635825,0.39483
298,"nor",0.130281,0.117249755640511,0.090493,0.303437,0.377719,0.013455,0.972813,0.0276231207672233,0.543495
299,"nor",0.129718,0.694097778497522,0.080766,0.287302,0.463714,0.015221,0.961911,0.0285717430634496,0.536132
300,"nor",0.098782,0.850551471651408,0.051682,0.241657,0.608943,0.009568,0.976827,0.0492102819449559,0.73806
301,"nor",0.091239,0.928749978311288,0.041444,0.202053,0.353337,0.007804,0.985287,0.0353972205766983,0.705413
302,"nor",0.052859,0.491872227459645,0.106536,0.301462,0.451024,0.006449,0.9838,0.0362047503162074,0.578063
303,"nor",0.129594,0.491872227459645,0.044474,0.211677,0.368069,0.00764,0.980338,0.0319319473574665,0.531691
304,"nor",0.101922,0.491872227459645,0.103068,0.313422,0.658945,0.053593,0.856076,0.0385552922717303,0.655843
305,"nor",0.048811,0.491872227459645,0.039806,0.206032,0.367581,0.005994,0.982871,0.0381540290430522,0.616173
306,"nor",0.107533,0.259676924945489,0.107717,0.311843,0.401637,0.04307,0.864252,0.0280463984373749,0.249262
307,"nor",0.113331,0.384358679244192,0.148866,0.304207,0.3229,0.013073,0.952269,0.0409078355401143,0.5463
308,"nor",0.030662,0.266849815790539,0.162856,0.36478,0.723425,0.015135,0.948226,0.0389905778190493,0.559539
309,"nor",0.029279,0.238225342826242,0.087191,0.267522,0.302129,0.006361,0.987512,0.0365539794104933,0.486006
310,"nor",0.077016,0.0388777392843303,0.348578,0.51798,0.827307,0.035666,0.886971,0.0398821626987304,0.606824
311,"nor",0.077874,0.0740365874112932,0.120516,0.302714,0.642057,0.018964,0.933829,0.0388955154581405,0.456826
312,"nor",0.07882,0.219680626485677,0.142318,0.318338,0.311764,0.00684,0.984032,0.0384782417265726,0.494802
313,"nor",0.084312,0,0.080335,0.378333,0.786775,0.05959,0.821449,0.0359535855521222,0.54161
314,"nor",0.179304,0.0447111352739429,0.125196,0.480062,0.885421,0.124103,0.811298,0.0278742855313085,0.505971
315,"nor",0.121776,0.491872227459645,0.075938,0.235151,0.320237,0.00858,0.969158,0.0723614691237452,0.784045
316,"nor",0.207576,0.0344312641338107,0.330368,0.759449,0.833859,0.186136,0.782098,0.0206455434765206,0.513521
317,"nor",0.061611,0.0601789463334509,0.134063,0.344769,0.469204,0.0054,0.992688,0.0691563665764742,0.68889
318,"nor",0.044399,0.138504693437285,0.159312,0.474862,0.768858,0.051836,0.833458,0.0687941289485903,0.641192
319,"nor",0.055069,0.282769908791736,0.120452,0.393786,0.70985,0.046304,0.866547,0.0821999231495861,0.706349
320,"nor",0.096308,0.0512674883314729,0.11925,0.50195,0.808318,0.05651,0.835994,0.0502139403448662,0.579407
321,"nor",0.064808,0.336475786721881,0.050631,0.229004,0.389023,0.01795,0.953743,0.0619096127059351,0.644757
322,"nor",0.060111,0.864797774448962,0.104112,0.266663,0.413468,0.002052,0.997076,0.0423918090267215,0.772744
323,"nor",0.040361,0.0770001330241005,0.073173,0.288461,0.459157,0.009169,0.983621,0.0683128132054628,0.658939
324,"nor",0.05139,0.357152358864321,0.087157,0.297994,0.452452,0.016261,0.969348,0.0312304871996029,0.51165
325,"nor",0.063635,0.129109721748284,0.056286,0.244692,0.354751,0.007342,0.991084,0.0384922509166013,0.514369
326,"nor",0.216444,0.491872227459645,0.325284,0.436391,0.538461,0.037843,0.949193,0.0558596439264157,0.801654
327,"nor",0.041889,0.491872227459645,0.301062,0.56323,0.875501,0.012027,0.955666,0.0545968155109752,0.750558
328,"nor",0.250511,0.491872227459645,1,0.273556,0.664266,0.221397,0.576035,0.0635126643077859,0.293631
329,"nor",0.04564,0.0863719700869284,0.143468,0.444244,0.714342,0.050753,0.880337,0.0379939240141533,0.490779
330,"nor",0.034729,0.202749550320704,0.168479,0.398753,0.452303,0.012184,0.970124,0.102229062264846,0.710928
331,"nor",0.163026,0.046003204145725,0.190265,0.494123,0.795661,0.041421,0.868441,0.0380799804671865,0.640409
332,"nor",0.133545,0.599356857392381,0.266307,0.549261,0.835433,0.045208,0.888198,0.0401023071134664,0.651768
333,"nor",0.052732,0.485579609140491,0.128313,0.356403,0.464446,0.007537,0.985075,0.108118926015466,0.78841
334,"nor",0.175318,0.0863569325799157,0.519772,0.844296,0.915637,0.16594,0.79054,0.0234203637586257,0.560935
335,"nor",0.016278,0.491872227459645,0.247472,0.487663,0.514827,0.021797,0.934628,0.120644142557518,0.716651
336,"nor",0.109534,0.491872227459645,0.18222,0.273354,0.299064,0.003863,0.98513,0.0470918922813366,0.697086
337,"nor",0.243312,0.16181629950087,0.322854,0.672288,0.860632,0.222093,0.745162,0.0186052050144895,0.502425
338,"nor",0.023518,0.857648018230086,0.183025,0.308972,0.309716,0.009696,0.957676,0.0423287676715926,0.627981
339,"nor",0.035955,0.491872227459645,0.086736,0.303824,0.434079,0.016849,0.957541,0.152373957315999,0.85781
340,"nor",0.068418,0.264360530014286,0.192991,0.322632,0.33068,0.012361,0.958803,0.0426639875758498,0.664235
